Meta: (-2.5924670696258545, 1.6289286613464355), Tiempo: 125.89 segundos
Meta: (0.43468546867370605, 0.17821013927459717), Tiempo: 85.48 segundos
Meta: (2.6550140380859375, -0.9098283052444458), Tiempo: 41.05 segundos
Meta: (3.024038076400757, 1.997838020324707), Tiempo: 65.11 segundos
